343
433
442
444
445
405
348
406
407
435
436
437
438
439
440
441
443
446
344
447
465
515
350
448
449
450
451
371
459
524
452
453
472
375
379
520
341
509
519
506
523
415
429
477
492
457
458
493
372
378
510
381
469
486
427
411
424
516
499
512
507
454
428
513
484
342
366
511
373
485
345
365
382
500
478
496
480
460
351
368
489
476
414
412
505
370
402
416
497
374
413
422
501
364
470
502
508
354
418
455
401
467
503
463
517
430
408
367
498
490
409
359
464
482
481
403
461
417
474
361
504
483
356
522
487
419
468
363
347
475
494
456
495
471
426
514
488
362
346
357
410
466
425
479
432
518
473
352
380
358
369
355
491
423
421
420
353
431
