405
406
407
343
435
436
437
438
439
440
441
443
446
433
442
444
445
447
350
448
449
450
451
465
459
504
432
364
452
351
509
414
408
477
415
419
344
471
492
357
368
486
489
515
411
482
455
454
353
458
468
523
431
381
373
474
421
460
514
380
470
491
508
363
516
466
518
493
410
503
356
412
472
352
413
469
354
457
463
461
348
423
467
485
362
473
498
371
341
484
428
416
488
500
427
496
422
370
347
512
372
429
346
513
475
453
506
382
483
345
403
505
502
378
456
379
487
524
511
430
497
510
417
464
499
359
479
478
490
342
402
425
375
519
495
426
517
374
522
369
401
418
365
476
501
520
366
358
481
367
507
361
494
480
409
424
420
355
