462
459
343
433
442
444
445
465
350
405
406
407
435
436
437
438
439
440
441
443
446
447
448
449
450
451
470
486
371
419
515
344
524
359
513
342
412
460
481
456
380
518
417
370
355
477
427
509
452
516
401
424
382
495
373
423
475
432
378
504
352
464
365
478
520
467
411
490
523
341
367
366
455
479
517
375
508
487
489
519
428
453
494
372
413
499
364
501
488
497
484
457
469
374
502
402
418
482
429
358
496
476
363
354
493
347
463
381
408
468
348
422
351
431
409
500
454
492
474
473
483
510
368
511
410
353
485
426
466
361
403
472
503
369
346
415
356
506
514
505
498
362
458
525
414
421
345
379
416
357
491
522
471
420
507
512
425
480
461
430
